0 0 1 0 0 0 0 0 0 0 0 
3.23018e-37 0.0480887 2.42981e-84 3.0421e-09 0.0689808 8.0336e-102 1.17641e-53 1.49612e-07 1.3584e-91 0.857625 0.0253056 
8.70602e-37 0.599202 2.04962e-84 2.86241e-08 0.011159 1.41025e-102 1.12117e-53 6.2045e-06 4.58228e-92 0.3825 0.00713227 
0.0332257 5.72026e-226 8.00903e-29 2.93142e-100 1.76923e-15 0.751621 0.215154 1.25026e-14 2.70789e-122 4.55655e-160 2.01901e-37 
0.449523 7.43378e-226 1.65073e-28 9.16365e-100 3.85141e-16 0.449806 0.100671 4.28535e-14 6.84334e-122 3.90639e-160 5.65573e-37 
0.152113 4.85609e-226 4.13384e-29 7.22356e-100 2.47515e-15 0.523471 0.324416 1.87725e-14 3.36716e-122 5.73687e-160 3.03253e-37 
0.288785 3.65265e-226 1.98026e-28 1.46169e-99 4.93934e-15 0.541908 0.169307 1.74586e-13 7.78756e-121 3.18293e-159 2.59924e-36 
2.01809e-36 0.537778 2.24198e-84 6.49323e-11 0.0664224 4.99405e-102 4.8703e-54 8.68545e-06 6.75085e-93 0.296789 0.0990022 
5.69412e-37 0.470048 1.27492e-84 2.65768e-08 0.00993373 3.05465e-102 9.41437e-54 3.77594e-06 1.46088e-91 0.469844 0.0501697 
0.30995 3.84547e-226 1.65691e-29 1.86938e-99 1.66015e-15 0.269061 0.420989 4.78751e-14 3.21174e-121 2.99511e-159 8.46201e-37 
0.262516 3.766e-226 2.26509e-28 1.11311e-99 4.56551e-15 0.577739 0.159746 1.60908e-13 8.65187e-121 2.95457e-159 1.88342e-36 
2.10342e-36 0.529146 2.38045e-84 6.00296e-11 0.0696407 5.04059e-102 5.05689e-54 9.09878e-06 7.12923e-93 0.30233 0.0988741 
1.65116e-145 2.36049e-64 0.338566 0.0815373 8.88533e-67 2.99977e-146 3.90125e-66 0.00501434 0.574883 1.14918e-239 1.03712e-50 
8.03131e-146 3.51981e-64 0.0663165 0.0251371 4.74132e-67 1.6319e-146 1.36159e-66 0.00239747 0.906149 1.64557e-239 2.01948e-51 
3.10024e-145 3.13228e-65 0.202668 0.0685986 8.29482e-67 9.25175e-148 5.62086e-66 0.00947498 0.719258 2.55931e-240 3.55033e-51 
9.05418e-146 4.19154e-64 0.0549652 0.0296432 4.73813e-67 1.63379e-146 1.3518e-66 0.00280845 0.912583 1.8197e-239 1.65657e-51 
7.6188e-38 0.0178032 6.92186e-85 2.26644e-08 0.0295613 2.6596e-102 1.00198e-53 8.6055e-06 1.36813e-91 0.91561 0.0370165 
7.63487e-37 0.271854 9.60926e-85 5.93018e-11 0.0853463 1.41909e-101 1.69122e-54 1.17737e-06 2.74091e-93 0.4927 0.150099 
6.65906e-37 0.512502 1.64311e-84 2.61411e-08 0.0131519 2.42427e-102 9.89811e-54 4.93207e-06 1.04463e-91 0.442493 0.0318482 
5.70981e-37 0.191404 4.66526e-86 1.21141e-08 0.0562497 2.658e-102 4.57388e-55 3.65152e-06 1.17826e-91 0.722196 0.0301465 
7.99428e-37 0.568058 1.8328e-84 2.83613e-08 0.0103002 1.84289e-102 1.08116e-53 5.5135e-06 7.11668e-92 0.402857 0.0187793 
5.57428e-37 0.174272 4.73411e-86 1.13378e-08 0.0587493 2.63642e-102 4.15559e-55 3.78725e-06 1.10677e-91 0.735265 0.0317102 
0.0781744 3.7953e-226 8.96628e-29 2.74424e-100 1.73996e-15 0.667499 0.254327 2.58218e-14 5.37526e-122 1.92408e-160 1.41962e-37 
0.195108 2.19977e-226 7.70396e-29 1.21487e-99 3.44744e-15 0.325746 0.479146 2.23353e-14 6.50816e-122 6.09663e-160 3.83748e-37 
0.336314 8.60101e-226 2.34027e-28 9.55341e-100 5.06968e-16 0.51049 0.153196 5.7293e-14 8.90853e-122 1.07109e-159 9.05115e-37 
0.167103 4.04642e-226 5.33187e-29 8.88421e-100 2.80186e-15 0.461074 0.371823 1.98609e-14 4.40972e-122 5.85702e-160 3.26414e-37 
0.365509 8.22306e-226 2.14399e-28 9.64761e-100 4.75823e-16 0.497523 0.136968 5.18389e-14 8.13759e-122 8.6058e-160 7.86472e-37 
1.91257e-36 0.547113 2.04984e-84 7.11779e-11 0.0601109 4.76701e-102 4.64837e-54 8.22799e-06 6.33415e-93 0.295411 0.0973569 
1.62051e-145 2.29279e-64 0.333389 0.0803187 8.68889e-67 2.97529e-146 3.85057e-66 0.00491279 0.58138 1.13419e-239 1.01914e-50 
1.65571e-37 0.0271734 1.20525e-84 1.70241e-08 0.04009 4.15759e-102 1.03905e-53 6.29117e-06 1.3404e-91 0.88925 0.0434805 
8.85412e-37 0.604186 2.07149e-84 2.85477e-08 0.0116911 1.39981e-102 1.13078e-53 6.23215e-06 3.83171e-92 0.377724 0.00639226 
1.67112e-145 2.6394e-64 0.331417 0.0799035 8.25276e-67 3.1671e-146 3.58341e-66 0.00515801 0.583522 9.86372e-240 1.07238e-50 
1.65349e-37 0.0271335 1.20168e-84 1.70671e-08 0.0400606 4.14934e-102 1.03981e-53 6.31885e-06 1.34102e-91 0.889221 0.0435781 
1.17399e-144 1.17887e-63 0.623593 0.0684634 2.72921e-66 1.55171e-146 1.37689e-66 0.000931824 0.307012 1.78583e-239 1.30357e-50 
7.35646e-146 5.79252e-65 0.0479947 0.0378516 6.77296e-67 6.14764e-147 3.83065e-67 0.00689427 0.907259 2.2731e-239 7.49682e-51 
