TMatrix0:
0.192157  0.142261  0.129126  0.147231  0.139444  0.0585157  0.134142  0.0571246  
0.045799  0.156653  0.100798  0.0868044  0.0522798  0.217132  0.117704  0.222829  
0.0311129  0.0958577  0.185067  0.154911  0.0636974  0.0776613  0.20571  0.185984  
0.175867  0.0925549  0.114207  0.0165138  0.0353745  0.213165  0.0568467  0.295471  
0.139017  0.292654  0.251507  0.00388688  0.0191214  0.107309  0.101581  0.0849227  
0.207352  0.153716  0.130781  0.0211394  0.11526  0.00320803  0.220861  0.147683  
0.112989  0.197973  0.0833384  0.185735  0.0312445  0.0628468  0.142715  0.183158  
0.105432  0.178211  0.145765  0.127993  0.125574  0.18202  0.127848  0.00715803  

TMatrix1:
0.216253  0.101442  0.0139719  0.23104  0.184426  0.0925265  0.00779536  0.152545  
0.2461  0.14772  0.155402  0.119135  0.151177  0.142243  0.0271125  0.0111099  
0.0992039  0.126181  0.224163  0.134751  0.197681  0.0959374  0.052536  0.0695464  
0.0440259  0.15262  0.146907  0.150581  0.147047  0.0953656  0.156655  0.106799  
0.286198  0.00824778  0.141146  0.176903  0.105028  0.149299  0.0342614  0.0989165  
0.0168472  0.150144  0.16441  0.140288  0.0611931  0.186548  0.14936  0.13121  
0.140134  0.203666  0.0421714  0.00980373  0.338241  0.115866  0.107359  0.0427597  
0.0800456  0.0610162  0.015432  0.0527611  0.261478  0.00834543  0.277256  0.243665  

TMatrix2:
0.0135129  0.0755485  0.0803373  0.103651  0.203681  0.109741  0.188543  0.224985  
0.0472868  0.161061  0.168037  0.138197  0.133505  0.0852316  0.0284285  0.238254  
0.178155  0.0449768  0.184241  0.139246  0.109953  0.0158558  0.163225  0.164348  
0.0502649  0.152331  0.175561  0.00562869  0.157304  0.140328  0.150833  0.167748  
0.206521  0.0129599  0.0492654  0.161801  0.101109  0.200712  0.134193  0.133439  
0.147249  0.0585458  0.0281564  0.278372  0.142257  0.0560776  0.213114  0.076229  
0.0736045  0.0992749  0.165524  0.165768  0.112565  0.110733  0.111919  0.160611  
0.0919026  0.125111  0.235661  0.0333443  0.0435152  0.168321  0.260986  0.0411589  

TMatrix3:
0.163662  0.0470803  0.223025  0.0399714  0.0382963  0.137501  0.193913  0.156551  
0.199639  0.234268  0.151228  0.0632176  0.0229658  0.076374  0.129453  0.122854  
0.189378  0.0843776  0.0787548  0.0931485  0.21919  0.215011  0.0554131  0.0647275  
0.105841  0.0288042  0.110948  0.150205  0.200409  0.099692  0.192167  0.111933  
0.127449  0.142486  0.13079  0.164017  0.044294  0.0864636  0.0840144  0.220486  
0.0764991  0.261059  0.056166  0.100829  0.0664969  0.193308  0.23098  0.0146617  
0.028285  0.0785065  0.20175  0.00137225  0.043607  0.307653  0.125077  0.213749  
0.185421  0.158952  0.00491803  0.120643  0.00935925  0.166743  0.214902  0.139061  

TMatrix4:
0.0872187  0.127653  0.080782  0.137492  0.225789  0.176137  0.127274  0.0376538  
0.129661  0.14392  0.106109  0.179827  0.0819342  0.072543  0.190887  0.0951193  
0.140418  0.0992157  0.123204  0.166571  0.0163504  0.198218  0.0273875  0.228635  
0.154096  0.0450982  0.135735  0.168732  0.305843  0.106583  0.0209833  0.0629289  
0.186518  0.0876847  0.167016  0.154761  0.0104566  0.0450391  0.189244  0.159281  
0.219784  0.0757965  0.132931  0.0687282  0.162845  0.112614  0.182867  0.0444335  
0.145939  0.0344313  0.142125  0.156787  0.165944  0.160296  0.131081  0.0633974  
0.00814988  0.033284  0.246654  0.260242  0.121135  0.26395  0.01109  0.0554944  

TMatrix5:
0.0451135  0.13602  0.153762  0.0532038  0.170867  0.115626  0.17644  0.148968  
0.173348  0.0911197  0.015423  0.108704  0.175252  0.15204  0.1419  0.142212  
0.00266885  0.147541  0.169647  0.247887  0.122267  0.101201  0.0794243  0.129364  
0.138059  0.0340181  0.0995266  0.249929  0.27778  0.109768  0.023181  0.0677374  
0.0329063  0.228705  0.132737  0.0144002  0.13551  0.121766  0.215817  0.118159  
0.164574  0.159622  0.00960189  0.154583  0.128645  0.137893  0.114721  0.13036  
0.106971  0.0920402  0.201765  0.237754  0.200289  0.0063176  0.0957239  0.059139  
0.0724565  0.349731  0.0549749  0.0720638  0.0471264  0.0966718  0.193907  0.113069  

TMatrix6:
0.0362114  0.303141  0.0935493  0.215205  0.134378  0.0490167  0.0416767  0.126822  
0.0279713  0.0532363  0.087792  0.249611  0.000615568  0.285441  0.184012  0.111321  
0.118563  0.134448  0.0880127  0.00994418  0.143014  0.217794  0.0901244  0.1981  
0.0780812  0.0995097  0.190758  0.105107  0.154949  0.0151902  0.16995  0.186455  
0.251074  0.226236  0.0782405  0.0981868  0.0064989  0.110879  0.197506  0.0313791  
0.142341  0.0157174  0.227957  0.142834  0.0119155  0.142995  0.231909  0.0843316  
0.225123  0.0534668  0.090409  0.0802661  0.186498  0.145458  0.201267  0.017513  
0.256023  0.139909  0.116238  0.135121  0.153841  0.00909492  0.043115  0.146658  

0.126946  0.0650775  0.1307  0.130454  0.124933  0.0979768  0.00805192  0.0710088  0.107409  0.00550489  0.0173807  0.114559  
0.128755  0.02426  0.0364127  0.122758  0.0694984  0.112908  0.190671  0.0308204  0.0395063  0.16449  0.0456383  0.0342815  
0.0533547  0.097449  0.0994711  0.137894  0.102447  0.123164  0.073952  0.0895894  0.0461324  0.0649886  0.0803709  0.0311868  
0.0187718  0.0754208  0.0891232  0.11348  0.0802747  0.104449  0.0916279  0.0379269  0.119619  0.114398  0.114693  0.0402157  
0.0819166  0.14641  0.0784212  0.114484  0.120044  0.116044  0.142744  0.0178676  0.0632797  0.0922464  0.0104267  0.0161165  
0.0690142  0.0942748  0.117731  0.121252  0.00420186  0.0450763  0.156566  0.0292069  0.145541  0.111621  0.0167059  0.0888092  
0.067822  0.10806  0.108504  0.0644559  0.0992778  0.100028  0.106174  0.0362862  0.0877871  0.0404313  0.126376  0.0547982  
0.00608063  0.157514  0.0974938  0.0765844  0.0798363  0.109111  0.0945408  0.155932  0.0326036  0.0438968  0.10917  0.0372366  

0.0884861  0.0958102  0.0656477  0.0695968  0.0415629  0.0830617  0.16217  0.132344  0.0571032  0.136807  0.0480208  0.0193896  
0.107241  0.0209318  0.0728097  0.0503574  0.0789124  0.0712643  0.128941  0.0850712  0.0480283  0.0449129  0.16264  0.128891  
0.141024  0.0686139  0.0944105  0.00514816  0.108955  0.028899  0.0393687  0.0291333  0.122036  0.103185  0.096788  0.162439  
0.0195341  0.0956688  0.135253  0.0794765  0.0601959  0.00657986  0.0998302  0.16527  0.0270887  0.171169  0.0355279  0.104407  
0.0619227  0.161893  0.00867876  0.108989  0.026792  0.168061  0.0561841  0.179105  0.0630536  0.158152  0.00555127  0.00161638  
0.00860936  0.0403761  0.027786  0.119315  0.13398  0.115588  0.11623  0.15039  0.045515  0.0794111  0.066715  0.0960838  
0.0818688  0.000133097  0.0814275  0.103803  0.13873  0.110195  0.0433376  0.0438562  0.096253  0.0503636  0.13209  0.117943  
0.0507326  0.0398971  0.144467  0.113262  0.0191093  0.149972  0.114865  0.0292743  0.0200186  0.147672  0.170148  0.000583203  

0.103455  0.126021  0.000507906  0.155648  0.0445696  0.077011  0.0933148  0.14197  0.0771693  0.0176767  0.0929521  0.069705  
0.130701  0.126954  0.107073  0.079748  0.0280386  0.0935756  0.0514643  0.0713249  0.127617  0.0231729  0.0164089  0.143921  
0.249128  0.188601  0.0285914  0.0274609  0.146473  0.0180754  0.0282811  0.0464672  0.200571  0.0290167  0.0220431  0.015291  
0.108283  0.121101  0.170186  0.00190135  0.140824  0.0814145  0.0796754  0.114339  0.050171  0.0231821  0.0231411  0.0857819  
0.105716  0.0658759  0.131276  0.0830872  0.0877823  0.00351761  0.0758717  0.087384  0.111679  0.0922686  0.103133  0.0524089  
0.109235  0.127026  0.0841413  0.079173  0.144737  0.0975957  0.0885061  0.078034  0.0410468  0.0708421  0.0795403  0.000122269  
0.135066  0.142371  0.0905185  0.0225536  0.00852203  0.108814  0.0903725  0.12081  0.0266077  0.0776324  0.0568853  0.119847  
0.0807344  0.136402  0.0600146  0.04744  0.0826515  0.0177137  0.102673  0.0398258  0.143496  0.0349996  0.118224  0.135826  

0.111783  0.0465954  0.0527371  0.0180819  0.106163  0.119618  0.0181847  0.0917456  0.111357  0.0944501  0.110748  0.118537  
0.0610603  0.0618619  0.0971114  0.084696  0.130823  0.0124635  0.0559772  0.0679237  0.134581  0.109707  0.110396  0.0733986  
0.109609  0.0586058  0.0951951  0.103752  0.0859582  0.0695873  0.0919004  0.0708352  0.11247  0.0224356  0.0874765  0.0921747  
0.0166348  0.119363  0.0671313  0.134019  0.08377  0.0487184  0.123816  0.00966429  0.110569  0.0857551  0.0943453  0.106214  
0.126787  0.0195665  0.0503063  0.126015  0.161162  0.0183193  0.0462774  0.148754  0.104972  0.0125584  0.127687  0.0575954  
0.0854058  0.0659118  0.120088  0.0793571  0.090452  0.0867009  0.0511087  0.106338  0.0716196  0.115218  0.105253  0.0225479  
0.0455341  0.131595  0.0442863  0.0128125  0.0658476  0.169851  0.154173  0.0166854  0.010145  0.0261597  0.146607  0.176303  
0.0489008  0.015675  0.162603  0.166386  0.0297304  0.110242  0.0355778  0.15894  0.0146909  0.0219892  0.0837296  0.151535  

0.118347  0.124447  0.0905184  0.051186  0.108253  0.0626749  0.0775451  0.146448  0.0221726  0.114693  0.00630818  0.0774071  
0.111005  0.14166  0.0954652  0.119893  0.006986  0.0663154  0.11676  0.0464516  0.0789659  0.0903968  0.0231413  0.10296  
0.0229731  0.0547052  0.0776891  0.0354813  0.0734274  0.148979  0.164502  0.0375734  0.119845  0.0979839  0.0939733  0.072868  
0.00106054  0.0177442  0.0916502  0.0340002  0.188133  0.101022  0.148996  0.121867  0.0783594  0.0606271  0.0682446  0.0882962  
0.102728  0.00673857  0.10234  0.0285841  0.0919814  0.124162  0.125674  0.112516  0.0244525  0.0465084  0.144231  0.0900852  
0.0295444  0.135681  0.117618  0.131425  0.0776421  0.0561699  0.0520353  0.0783108  0.067358  0.109823  0.0997486  0.0446438  
0.0357735  0.0581989  0.135036  0.0906924  0.10069  0.0257634  0.152576  0.0521876  0.0328872  0.103663  0.0824056  0.130127  
0.0824212  0.0615994  0.097409  0.1098  0.113673  0.0925084  0.0442747  0.148455  0.0858516  0.0163532  0.136788  0.0108674  

0.0825438  0.0316819  0.10314  0.161903  0.161072  0.0541431  0.0479836  0.0324718  0.11583  0.0245947  0.1286  0.0560366  
0.0487563  0.116298  0.104603  0.0815017  0.0630892  0.030228  0.0546422  0.140574  0.0881383  0.146218  0.0873734  0.0385786  
0.0945984  0.158973  0.0267642  0.00128895  0.177919  0.185243  0.0138797  0.0807036  0.0291457  0.133283  0.0753613  0.0228412  
0.00314455  0.129113  0.0596029  0.135396  0.157194  0.0163087  0.00925154  0.0263287  0.157662  0.13639  0.12539  0.0442178  
0.138697  0.00134442  0.0199895  0.0722059  0.143717  0.105066  0.10977  0.0661479  0.0783583  0.130917  0.0671663  0.0666207  
0.118237  0.073926  0.123365  0.140026  0.0294518  0.0355908  0.0129895  0.0318353  0.133455  0.0581671  0.134463  0.108494  
0.0707127  0.141844  0.128785  0.0460417  0.101008  0.0795883  0.0796453  0.088092  0.0808636  0.0986078  0.0121012  0.0727105  
0.0574886  0.124228  0.144778  0.136935  0.102535  0.0584507  0.0500536  0.074809  0.137668  0.0278221  0.0704308  0.0148015  

0.0677388  0.0866242  0.0502343  0.0560119  0.150635  0.0396163  0.0168155  0.06966  0.0367153  0.158171  0.120196  0.147582  
0.101214  0.0570755  0.0997529  0.0199123  0.183082  0.115216  0.112826  0.0671822  0.0791103  0.101291  0.0462688  0.0170684  
0.139285  0.0863446  0.086668  0.122982  0.113412  0.00495119  0.137381  0.0273459  0.0870127  0.034733  0.0804075  0.079477  
0.0868566  0.115793  0.174846  0.128662  0.115316  0.131128  0.116128  0.0337287  0.00637183  0.0331113  0.0532036  0.0048541  
0.125424  0.140697  0.0607007  0.0366396  0.070575  0.0996297  0.0510004  0.059251  0.0335651  0.140615  0.0310691  0.150833  
0.171171  0.0208793  0.0279114  0.094387  0.0630616  0.125564  0.00845104  0.150823  0.0601048  0.00265915  0.0983661  0.176622  
0.136878  0.033669  0.0286034  0.143399  0.0675521  0.0830473  0.148366  0.0319598  0.0656233  0.0357834  0.0755438  0.149575  
0.164415  0.145143  0.0375805  0.0100538  0.126473  0.0769619  0.00433474  0.114291  0.0994946  0.0344563  0.0192456  0.16755  

