0.0909161 0.0908934 0.0909335 0.0909125 0.0909273 0.0909279 0.0909216 0.0908315 0.0909135 0.0909267 0.090896 
0.0909166 0.0909175 0.0909048 0.0909015 0.0909068 0.0909208 0.0909181 0.0908727 0.0909186 0.0909083 0.0909142 
0.0909094 0.0909096 0.0909093 0.0909085 0.0909088 0.0909091 0.0909084 0.0909095 0.0909091 0.0909094 0.0909089 
0.0909074 0.0909097 0.0909078 0.0909105 0.0909097 0.0909094 0.0909087 0.0909081 0.0909088 0.0909092 0.0909108 
0.090911 0.0909099 0.0909108 0.0909075 0.0909105 0.0909063 0.0909063 0.0909096 0.0909113 0.0909089 0.0909078 
0.090913 0.0909091 0.0909108 0.090913 0.0909122 0.0909116 0.0909 0.0909104 0.0909097 0.0909037 0.0909065 
0.0909145 0.0909131 0.0909114 0.0909091 0.0909075 0.0908906 0.0909174 0.0909035 0.0909121 0.0909151 0.0909056 
0.0909165 0.0909175 0.0909046 0.0909018 0.0909068 0.0909207 0.0909182 0.0908729 0.0909185 0.0909084 0.0909141 
0.090907 0.0909102 0.0909139 0.0909084 0.0909091 0.0909066 0.0909114 0.0909047 0.0909101 0.0909092 0.0909094 
0.0909142 0.0909094 0.090911 0.0909135 0.0909127 0.0909125 0.0908984 0.0909104 0.0909096 0.0909025 0.0909058 
0.0909204 0.0909101 0.090917 0.0909005 0.0909092 0.0908921 0.0909275 0.0909029 0.0909068 0.0909097 0.090904 
0.0909208 0.0909248 0.0909269 0.090913 0.0909212 0.0909 0.0909181 0.0908949 0.0909113 0.0908754 0.0908936 
0.0909188 0.0909224 0.0909245 0.0909106 0.090919 0.0909064 0.0909151 0.0908957 0.0909083 0.0908808 0.0908983 
0.0909056 0.0909301 0.0909162 0.0908996 0.0909197 0.0909047 0.0909137 0.0908919 0.0908893 0.0909079 0.0909213 
0.090921 0.0909248 0.0909271 0.0909126 0.0909212 0.0909006 0.0909178 0.0908945 0.0909108 0.0908756 0.090894 
0.0909194 0.0908886 0.0909368 0.0909143 0.0909283 0.0909298 0.0909217 0.0908245 0.0909173 0.0909293 0.0908901 
0.0909148 0.0909131 0.0909117 0.0909085 0.0909076 0.0908906 0.0909178 0.0909034 0.0909119 0.0909149 0.0909056 
0.0909171 0.0909177 0.0909055 0.0909025 0.0909063 0.0909206 0.0909178 0.0908721 0.0909188 0.090907 0.0909145 
0.0909146 0.090903 0.0909037 0.0909102 0.0909087 0.090908 0.0909104 0.0909067 0.0909128 0.090907 0.0909148 
0.0909169 0.0909178 0.0909049 0.0909024 0.0909065 0.0909206 0.090918 0.0908722 0.0909187 0.0909077 0.0909143 
0.0909131 0.0909064 0.0909052 0.0909091 0.0909066 0.0909068 0.0909089 0.0909085 0.0909127 0.0909077 0.0909149 
0.0909091 0.0909091 0.0909091 0.0909091 0.0909091 0.0909091 0.0909091 0.0909091 0.0909091 0.0909091 0.0909091 
0.0909092 0.0909092 0.0909092 0.090909 0.0909091 0.0909091 0.0909089 0.0909092 0.0909091 0.0909091 0.090909 
0.0909091 0.090909 0.0909075 0.090909 0.0909095 0.0909094 0.0909091 0.0909095 0.0909091 0.0909092 0.0909095 
0.0909097 0.0909107 0.0909097 0.0909072 0.0909077 0.0909097 0.0909071 0.0909106 0.0909088 0.0909102 0.0909086 
0.0908989 0.0909132 0.0909224 0.0909191 0.0909069 0.0909067 0.0909064 0.0908982 0.0909067 0.0909085 0.0909129 
0.0909204 0.0909102 0.090917 0.0909005 0.0909092 0.0908921 0.0909274 0.0909028 0.0909068 0.0909097 0.090904 
0.090921 0.0909248 0.0909271 0.0909126 0.0909212 0.0909006 0.0909178 0.0908945 0.0909108 0.0908756 0.090894 
0.090919 0.0908894 0.0909359 0.0909143 0.0909283 0.0909293 0.0909216 0.0908258 0.0909166 0.0909287 0.0908911 
0.0909107 0.0909144 0.0908915 0.0909124 0.090905 0.0909161 0.09092 0.090893 0.090912 0.0909151 0.09091 
0.0909211 0.0909249 0.0909272 0.0909127 0.0909213 0.0909003 0.090918 0.0908945 0.090911 0.0908753 0.0908938 
0.0909199 0.0908902 0.0909364 0.0909146 0.0909285 0.0909293 0.0909219 0.090824 0.0909174 0.09093 0.0908879 
0.0908978 0.0909011 0.0909042 0.0909147 0.0909183 0.0908875 0.0909191 0.0909228 0.0908958 0.090923 0.0909156 
0.0909345 0.0909726 0.0909763 0.0909841 0.0909331 0.0905314 0.0909702 0.0909478 0.0909599 0.0909094 0.0908809 
0.252876 0.252876 0.252876 0.252876 0.252876 0.252876 0.252876 0.252876 0.252876 0.252876 0.252876 
